   18262.000000000000        1.2510573212870016E-007
   18362.000000000000        2.3630377200164601E-007
   18462.000000000000        2.3457250271535891E-007
   18562.000000000000        2.3211501768957920E-007
   18662.000000000000        2.2895657824086963E-007
   18762.000000000000        4.7073478210734577E-007
   18862.000000000000        4.5870327011420021E-007
   18962.000000000000        4.3650201936835662E-007
   19062.000000000000        4.0629825428724597E-007
   19162.000000000000        3.7098373264107931E-007
   19262.000000000000        3.3364371898997849E-007
   19362.000000000000        2.9705696828740818E-007
   19462.000000000000        2.6333724919844870E-007
   19562.000000000000        2.3377133656980450E-007
   19662.000000000000        2.0884654791188538E-007
   19762.000000000000        1.8841437656684699E-007
   19862.000000000000        1.7191704481332341E-007
   19962.000000000000        1.5861006155446485E-007
   20062.000000000000        1.4773656297148260E-007
   20162.000000000000        9.4044261326631311E-007
   20262.000000000000        9.3222677138170964E-007
   20362.000000000000        9.2445815432083123E-007
   20462.000000000000        9.1689539855226420E-007
   20562.000000000000        9.0939189889337928E-007
   20662.000000000000        9.0186518216958034E-007
   20762.000000000000        8.9427238589837929E-007
   20862.000000000000        8.8659300340861149E-007
   20962.000000000000        8.7881796441294032E-007
   21062.000000000000        8.7094337965606568E-007
   21162.000000000000        8.6296732570986442E-007
   21262.000000000000        8.5488841837758948E-007
   21362.000000000000        8.4670533900433678E-007
   21462.000000000000        8.3841681275066653E-007
   21562.000000000000        8.3002176471585556E-007
   21662.000000000000        8.2151951427252411E-007
   21762.000000000000        8.1290995877619336E-007
   21862.000000000000        8.0419368332148524E-007
   21962.000000000000        7.9537205159543397E-007
   22062.000000000000        7.8644722599138568E-007
   22162.000000000000        7.7742215138666287E-007
   22262.000000000000        7.6830050416722913E-007
   22362.000000000000        7.5908661516768892E-007
   22462.000000000000        7.4978537476445348E-007
   22562.000000000000        7.5319881570156466E-007
   22662.000000000000        7.4373036980624875E-007
   22762.000000000000        7.3418420065203258E-007
   22862.000000000000        7.2456640163033048E-007
   22962.000000000000        7.1488312465619061E-007
   23062.000000000000        7.0514050069207588E-007
   23162.000000000000        6.9534457354227245E-007
   23262.000000000000        6.8550124747024475E-007
   23362.000000000000        7.5828499637420169E-007
   23462.000000000000        8.7895297450926941E-007
   23562.000000000000        1.4671777061357838E-006
   23662.000000000000        1.3531603113382318E-006
   23762.000000000000        1.1556491737342289E-006
   23862.000000000000        9.8149721439548254E-007
   23962.000000000000        8.7779447373627561E-007
   24062.000000000000        8.5007241997265061E-007
   24162.000000000000        8.2787911728918096E-007
   24262.000000000000        8.1356513613925675E-007
   24362.000000000000        8.0069898710586233E-007
   24462.000000000000        7.8780873994834893E-007
   24562.000000000000        7.8517391649315375E-007
   24662.000000000000        7.7201900719947107E-007
   24762.000000000000        8.4237881673089837E-007
   24862.000000000000        8.5280723420587241E-007
   24962.000000000000        8.3971155325460293E-007
   25062.000000000000        8.2522996473656568E-007
   25162.000000000000        8.7368564790324504E-007
   25262.000000000000        8.5415683630631330E-007
   25362.000000000000        8.3207454777752176E-007
   25462.000000000000        8.0862732568524668E-007
   25562.000000000000        7.8499739874634094E-007
   25662.000000000000        8.0354602068096397E-007
   25762.000000000000        7.8180213671362292E-007
   25862.000000000000        7.6132701452031590E-007
   25962.000000000000        7.9169841919244500E-007
   26062.000000000000        7.6476981549941629E-007
   26162.000000000000        7.3983509373353575E-007
   26262.000000000000        7.1162693736131194E-007
   26362.000000000000        6.8619694021250744E-007
   26462.000000000000        6.6402303123957842E-007
   26562.000000000000        6.7007617700074828E-007
   26662.000000000000        6.6339671162379964E-007
   26762.000000000000        6.4689137257624672E-007
   26862.000000000000        6.3106999679881293E-007
   26962.000000000000        6.1814486978601733E-007
   27062.000000000000        6.0679434943237305E-007
   27162.000000000000        6.1582193430994772E-007
   27262.000000000000        6.1470153144926465E-007
   27362.000000000000        6.0087134651348860E-007
   27462.000000000000        5.8744451840274882E-007
   27562.000000000000        5.7442038856716152E-007
   27662.000000000000        5.6178973818513949E-007
   27762.000000000000        5.4953770042003470E-007
   27862.000000000000        5.5925263545231677E-007
   27962.000000000000        6.9462947404886053E-007
   28062.000000000000        7.0063064945806051E-007
   28162.000000000000        6.8863661882503954E-007
   28262.000000000000        6.8301712508408987E-007
   28362.000000000000        6.9749845652020486E-007
   28462.000000000000        6.8475623633039045E-007
   28562.000000000000        6.7175892499684093E-007
   28662.000000000000        6.5852758173804016E-007
   28762.000000000000        6.4508824214270725E-007
   28862.000000000000        6.3147119755566349E-007
   28962.000000000000        6.6539682921598287E-007
   29062.000000000000        6.5552462794837640E-007
   29162.000000000000        6.4149996306394029E-007
   29262.000000000000        6.2740318710493768E-007
   29362.000000000000        6.3066375211350471E-007
   29462.000000000000        6.1652495933357000E-007
   29562.000000000000        7.9738522120154614E-007
   29662.000000000000        7.8322856877430485E-007
   29762.000000000000        7.6901567136196254E-007
   29862.000000000000        7.5478034434014759E-007
   29962.000000000000        7.4055447655223846E-007
   30062.000000000000        7.6679257188508173E-007
   30162.000000000000        7.5248413037463147E-007
   30262.000000000000        7.3798023839079449E-007
   30362.000000000000        7.2857008943741451E-007
   30462.000000000000        7.1377434385624152E-007
   30562.000000000000        7.1573029445546663E-007
   30662.000000000000        7.0078900458981239E-007
   30762.000000000000        6.8583421495641400E-007
   30862.000000000000        6.7090748554479301E-007
   30962.000000000000        6.5604986582252785E-007
   31062.000000000000        6.4130104408191844E-007
   31162.000000000000        6.6342428100423957E-007
   31262.000000000000        6.4895721343075687E-007
   31362.000000000000        6.3463180021477937E-007
   31462.000000000000        6.2047587715495121E-007
   31562.000000000000        6.1174926531900414E-007
   31662.000000000000        6.1619295215337011E-007
   31762.000000000000        6.0285396947664818E-007
   31862.000000000000        5.7317061179032842E-007
   31962.000000000000        5.5879309175181880E-007
   32062.000000000000        5.4574403393586583E-007
   32162.000000000000        6.5701567965104354E-006
   32262.000000000000        6.5510595876333603E-006
   32362.000000000000        6.6163421039138846E-006
   32462.000000000000        8.0071000732753091E-006
   32562.000000000000        7.9396535081384525E-006
   32662.000000000000        7.8745949750607416E-006
   32762.000000000000        7.7881776225889350E-006
   32862.000000000000        7.6948477691841902E-006
   32962.000000000000        7.6218007539850291E-006
   33062.000000000000        7.5057693911641997E-006
   33162.000000000000        7.3938506172797669E-006
   33262.000000000000        7.2599916180260791E-006
   33362.000000000000        7.1257944048709973E-006
   33462.000000000000        6.9753053305260062E-006
   33562.000000000000        6.8173513568077580E-006
   33662.000000000000        6.6525977465161545E-006
   33762.000000000000        6.4872550703121456E-006
   33862.000000000000        6.3535951672239263E-006
   33962.000000000000        6.1723573578657369E-006
   34062.000000000000        5.9869588801186875E-006
   34162.000000000000        5.8798697122832314E-006
   34262.000000000000        5.6883074190980129E-006
   34362.000000000000        5.5692292923983163E-006
   34462.000000000000        5.3742825516427907E-006
   34562.000000000000        5.1786506437909821E-006
   34662.000000000000        4.9829841699884240E-006
   34762.000000000000        4.7879070856621779E-006
   34862.000000000000        4.5940135075929048E-006
   34962.000000000000        4.4018649848817683E-006
   35062.000000000000        4.2119882325586260E-006
   35162.000000000000        4.0293028552002094E-006
   35262.000000000000        3.8454012985217942E-006
   35362.000000000000        3.6680574259192672E-006
   35462.000000000000        4.9812684665557864E-006
   35562.000000000000        4.8077306473398911E-006
   35662.000000000000        4.6374824761743249E-006
   35762.000000000000        4.4707868933885021E-006
   35862.000000000000        4.3125097497024998E-006
   35962.000000000000        1.8257722427638918E-005
   36062.000000000000        2.2587319593204551E-005
   36162.000000000000        1.5859232000399342E-005
   36262.000000000000        1.3800691829617940E-005
   36362.000000000000        1.1819178097002029E-005
   36462.000000000000        9.8865351549679168E-006
   36562.000000000000        8.1340585733490573E-006
   36662.000000000000        6.6503609641835268E-006
   36762.000000000000        5.4490192768177365E-006
   36862.000000000000        5.0130177565154718E-006
   36962.000000000000        4.3283993701056309E-006
   37062.000000000000        3.8304949555539617E-006
   37162.000000000000        3.4702422436777702E-006
   37262.000000000000        3.2039058303768879E-006
   37362.000000000000        2.9987640852860278E-006
   37462.000000000000        2.8926745742605737E-006
   37562.000000000000        2.7550746870698043E-006
