     t      	     lat         lon   	   mag        st          sd           wm         mc
14422.480555556   -29.000000   -48.000000  5.50     187.9        1583.       0.6310      3.800
15075.503472222   -16.100000   -54.500000  4.40    0.1508E+05    1583.       0.6310      3.800
16999.302083333   -25.100000   -47.700000  4.60     2577.        435.1       0.6310      3.800
17551.699305556   -30.500000   -58.000000  5.50     3129.        980.4       0.6310      3.800
18261.000000000    -5.690000   -36.240000  3.90     3185.        2305.       0.6310      3.800
18319.498611111   -21.820000   -46.710000  3.90     1320.        378.8       0.6310      3.800
18740.000000000     3.830000   -51.840000  4.70     479.0        2032.       0.6310      3.800
20118.210416667   -12.520000   -57.350000  6.20     5043.        503.3       0.6310      3.800
20147.073611111   -19.840000   -36.750000  6.10     1828.        1059.       0.6310      3.800
22491.166666667   -22.600000   -45.200000  4.40     4172.        178.2       0.6310      3.800
23284.000000000    -5.690000   -36.240000  3.90     5023.        2.000       0.6310      3.800
23357.878472222    -2.300000   -61.010000  5.10     3240.        1207.       0.6310      3.800
23418.472916667   -18.060000   -56.690000  5.40     8343.        319.2       0.6310      3.800
23545.163888889     2.640000   -59.620000  4.50     187.3        571.2       0.6310      3.800
23967.816666667     2.680000   -60.120000  4.90     609.9        55.78       0.6310      3.800
24491.790972222    -8.200000   -35.980000  3.80     1208.        280.9        0.000      3.800
24552.883333333   -23.300000   -45.000000  4.10     2062.        80.57       0.6310      3.800
24691.301388889    -8.450000   -73.830000  5.10     1333.        1576.       0.6310      3.800
24848.079861111    -6.090000   -38.440000  3.90     1564.        247.6       0.6310      3.800
24881.555555556    -6.090000   -38.440000  4.10     328.7        2.000       0.6310      3.800
24889.647916667    -6.090000   -38.440000  3.80     198.3        2.000        0.000      3.800
25075.220138889    -8.900000   -72.890000  4.90     383.9        114.9       0.6310      3.800
25124.829166667   -26.870000   -60.880000  5.00     7573.        492.3       0.6310      3.800
25578.196527778    -1.320000   -48.480000  4.50     6838.        684.4       0.6310      3.800
25595.000000000    -7.960000   -36.210000  3.90     1103.        36.83       0.6310      3.800
25654.352083333    -8.290000   -73.380000  4.30     963.1        52.66       0.6310      3.800
25870.000000000    -6.930000   -35.530000  3.90     275.0        137.0       0.6310      3.800
26072.666666667   -25.100000   -48.900000  3.90     9073.        121.0       0.6310      3.800
26509.000000000   -16.470000   -41.700000  3.90     6362.        644.0       0.6310      3.800
26594.650000000   -21.720000   -40.530000  4.80     6448.        445.6       0.6310      3.800
26863.565972222    -5.280000   -35.820000  3.90     3580.        65.18       0.6310      3.800
26865.890277778    -5.280000   -35.820000  4.30     356.9        2.000       0.6310      3.800
27061.847222222   -29.500000   -42.540000  4.40    0.1264E+05    533.2       0.6310      3.800
27082.138194444   -20.040000   -48.470000  4.20     8763.        269.7       0.6310      3.800
27190.735416667     5.580000   -60.600000  3.90     3223.        327.2       0.6310      3.800
27810.141666667     0.340000   -59.230000  4.60     4265.        259.7       0.6310      3.800
27903.354166667   -14.760000   -39.570000  3.90     1394.        297.3       0.6310      3.800
27925.833333333   -22.840000   -51.010000  3.90     1853.        330.7       0.6310      3.800
28039.834027778    -2.000000   -59.800000  4.00     4682.        138.7       0.6310      3.800
28194.291666667    -4.830000   -38.800000  3.90     3305.        145.8       0.6310      3.800
28337.739583333    -0.080000   -49.970000  4.80     2760.        215.8       0.6310      3.800
28869.234722222   -24.000000   -58.700000  4.00     3744.        387.4       0.6310      3.800
29058.850694444    -6.000000   -35.500000  4.30     2193.        87.64       0.6310      3.800
29195.211805556   -20.000000   -55.800000  3.80     5777.        235.4        0.000      3.800
29284.406944444    -6.170000   -71.160000  4.80     3630.        340.3       0.6310      3.800
29535.890972222    -8.070000   -50.240000  4.70     3958.        776.3       0.6310      3.800
29543.145138889    -4.300000   -38.400000  5.20     1349.        73.83       0.6310      3.800
29544.061805556   -26.250000   -58.250000  3.80     674.8        254.5        0.000      3.800
29596.147916667    -4.300000   -38.400000  3.80     53.00        2.000        0.000      3.800
29652.852083333   -11.010000   -57.640000  3.80     9535.        171.0        0.000      3.800
30047.248611111   -24.800000   -58.100000  4.90     1178.        107.8       0.6310      3.800
30209.519444444   -25.840000   -45.420000  3.80    0.1321E+05    243.5        0.000      3.800
30353.776388889   -26.280000   -60.180000  4.80     5229.        95.76       0.6310      3.800
30531.264583333    -3.580000   -62.140000  5.50     7173.        190.0       0.6310      3.800
30778.872222222   -20.800000   -46.760000  3.80    0.1246E+05    113.7        0.000      3.800
30992.503472222    -8.180000   -35.920000  3.80     6501.        6.976        0.000      3.800
31147.606944444   -23.940000   -60.550000  5.30     2278.        188.3       0.6310      3.800
31539.760416667   -22.660000   -43.690000  4.30     6987.        152.0       0.6310      3.800
31642.750000000    -5.530000   -35.750000  3.80     4777.        28.89        0.000      3.800
31643.398611111    -5.520000   -35.730000  4.20     495.8        2.480       0.6310      3.800
31656.052777778    -5.500000   -35.740000  4.10     116.3        2.487       0.6310      3.800
31658.860416667    -5.510000   -35.760000  4.10     16.11        2.480       0.6310      3.800
31744.584027778    -5.530000   -35.750000  3.80     101.8        2.000        0.000      3.800
31745.044444444    -5.530000   -35.750000  3.80     88.99        2.000        0.000      3.800
31749.923611111    -5.530000   -35.750000  4.00     91.06        2.000       0.6310      3.800
31750.410416667    -5.530000   -35.750000  3.80     5.826        2.000        0.000      3.800
31753.283333333    -5.526000   -35.738000  4.40     8.239        2.000       0.6310      3.800
31768.295138889    -5.530000   -35.750000  3.80     17.88        2.000        0.000      3.800
31782.509722222    -5.600000   -35.790000  3.80     32.10        8.964        0.000      3.800
31809.993750000    -5.500000   -35.730000  3.80     153.9        2.000        0.000      3.800
32063.375694444   -11.600000   -56.900000  3.90     2411.        104.1       0.6310      3.800
32072.890972222    -7.010000   -73.940000  5.20     6419.        155.3       0.6310      3.800
32232.025694444    -3.950000   -40.370000  3.90     4038.        199.9       0.6310      3.800
32236.125000000   -22.100000   -51.340000  3.80     4310.        89.09        0.000      3.800
32297.701388889     0.920000   -61.660000  3.80     8330.        260.3        0.000      3.800
32316.417361111   -20.660000   -57.970000  3.90     3121.        238.1       0.6310      3.800
32318.141666667   -36.270000   -52.730000  4.90    0.1477E+05    807.4       0.6310      3.800
32321.551388889    -5.530000   -35.750000  3.90     553.3        2.000       0.6310      3.800
32364.337500000   -11.630000   -57.950000  4.00     2711.        76.86       0.6310      3.800
32387.311805556    -3.100000   -59.760000  3.80     4347.        122.5        0.000      3.800
32432.877083333    -4.810000   -37.980000  3.90     2837.        73.45       0.6310      3.800
32433.093750000    -4.810000   -37.980000  4.20     68.76        2.000       0.6310      3.800
32443.141666667    -4.810000   -37.970000  4.10     55.83        2.000       0.6310      3.800
32485.411111111    -0.730000   -59.380000  3.80     4675.        120.3        0.000      3.800
32513.125694444   -11.620000   -48.110000  3.80     2977.        459.0        0.000      3.800
32575.421527778    -5.460000   -35.690000  3.90     765.4        6.283       0.6310      3.800
32590.645138889    -4.810000   -37.970000  4.10     147.5        2.000       0.6310      3.800
32591.761805556    -4.810000   -37.970000  3.90     78.64        2.000       0.6310      3.800
32652.954861111    -4.810000   -37.970000  4.10     77.53        2.000       0.6310      3.800
32744.670138889    -4.810000   -37.970000  3.80     154.0        2.000        0.000      3.800
32746.337500000    -4.810000   -37.970000  3.90     154.6        2.000       0.6310      3.800
32796.626388889    -4.810000   -37.970000  4.20     143.7        2.000       0.6310      3.800
32836.472916667    -0.240000   -49.860000  4.00     4499.        21.61       0.6310      3.800
32890.920138889   -19.950000   -47.160000  4.20     2112.        103.4       0.6310      3.800
32914.997222222   -31.190000   -48.920000  5.20    0.1849E+05    259.4       0.6310      3.800
33122.123611111    -7.510000   -73.280000  4.00     1049.        91.70       0.6310      3.800
33345.425000000    -3.930000   -39.870000  4.90     1113.        55.57       0.6310      3.800
33716.146527778   -26.770000   -45.810000  3.90     3507.        110.6       0.6310      3.800
33769.118055556     1.530000   -41.570000  4.70     1537.        624.4       0.6310      3.800
34160.353472222   -14.790000   -51.030000  4.10    0.1908E+05    399.8       0.6310      3.800
34289.640277778    -5.300000   -50.430000  3.90     4754.        309.1       0.6310      3.800
35134.429166667   -28.430000   -34.660000  4.60     8073.        776.5       0.6310      3.800
35354.905555556   -21.040000   -46.740000  4.00     4576.        26.80       0.6310      3.800
35362.854166667   -22.710000   -40.500000  4.00     8768.        110.2       0.6310      3.800
35393.176388889   -11.390000   -56.800000  4.20     3330.        25.80       0.6310      3.800
35849.166666667   -26.930000   -49.060000  3.90     9776.        204.3       0.6310      3.800
35862.980555556   -11.600000   -56.740000  5.20     469.8        24.28       0.6310      3.800
35874.226388889   -11.600000   -56.800000  3.80     481.1        6.543        0.000      3.800
35894.725000000   -11.020000   -48.480000  3.90     3382.        78.05       0.6310      3.800
35895.172916667     4.800000   -47.720000  5.30    0.1716E+05    469.9       0.6310      3.800
35935.731250000   -19.170000   -47.680000  4.10     3045.        102.5       0.6310      3.800
35948.027777778    -4.410000   -38.290000  4.00     6352.        17.29       0.6310      3.800
35993.022222222   -11.610000   -56.780000  3.80     118.8        2.448        0.000      3.800
35995.931944444   -11.590000   -56.780000  4.10     60.20        2.226       0.6310      3.800
36031.631250000   -19.090000   -42.960000  3.80     9523.        320.8        0.000      3.800
36232.217361111    -0.220000   -63.790000  4.00     3935.        268.9       0.6310      3.800
36642.135416667   -26.830000   -56.350000  3.90     7098.        199.9       0.6310      3.800
36709.204166667    -4.410000   -38.290000  4.10     761.2        2.000       0.6310      3.800
36848.400000000   -16.010000   -47.790000  4.20     912.7        351.9       0.6310      3.800
37125.830555556   -21.930000   -40.370000  3.90    0.1053E+05    28.63       0.6310      3.800
37364.222916667     1.370000   -34.950000  4.10     655.0        743.0       0.6310      3.800
37435.902083333    -8.260000   -35.960000  3.80     6443.        9.936        0.000      3.800
37529.243055556   -10.260000   -69.640000  4.00    0.1245E+05    387.5       0.6310      3.800
