    t               lon           lat        mag    ix  iy  im	  Pm	      Np(ix,iy)
  37664.000000000   -38.970000    -4.380000   4.10   42  33   1   0.6856      0.2235    
  37665.000000000   -38.970000    -4.380000   4.10   42  33   1   0.6856      0.2235    
  37666.000000000   -38.970000    -4.380000   4.10   42  33   1   0.6856      0.2235    
  37793.256250000   -41.730000   -26.440000   4.10   39  11   1   0.6856      0.1948E-01
  38172.613888889   -72.920000    -3.200000   4.00    8  34   1   0.6856      0.1277E-01
  38432.882638889   -56.760000   -11.600000   5.00   24  26   3   0.6864E-01  0.2235E-01
  38551.696527778   -56.780000   -11.600000   4.30   24  26   1   0.6856      0.2235E-01
  38660.770833333   -38.630000   -12.670000   4.00   42  25   1   0.6856      0.1353E-01
  38719.954166667   -50.700000   -24.410000   4.10   30  13   1   0.6856      0.5745E-01
  38874.686805556   -51.960000     4.880000   5.20   29  42   3   0.6864E-01  0.1010E-01
  38960.997222222   -35.000000    -5.000000   4.00   46  33   1   0.6856      0.3835E-01
  39013.119444444   -57.640000   -19.000000   4.20   23  19   1   0.6856      0.4138E-01
  39205.326388889   -41.500000   -21.600000   4.50   39  16   2   0.2169      0.4052E-01
  39384.885416667   -48.120000     3.500000   5.10   32  41   3   0.6864E-01  0.1332E-01
  39391.975694444   -38.660000   -12.480000   4.30   42  25   1   0.6856      0.1353E-01
  39423.085416667   -44.295000   -15.033000   4.90   36  22   2   0.2169      0.1990E-01
  39551.915972222   -37.760000    -4.560000   4.00   43  33   1   0.6856      0.2318    
  39559.000000000   -45.410000   -25.700000   5.20   35  12   3   0.6864E-01  0.5195E-01
  39977.927083333   -55.800000   -18.490000   4.80   25  19   2   0.2169      0.3759E-01
  40063.174305556   -61.430000    -1.900000   4.20   19  36   1   0.6856      0.5110E-01
  40138.180555556   -38.620000   -12.650000   4.20   42  25   1   0.6856      0.1353E-01
  40139.250000000   -38.920000    -3.870000   4.50   42  34   2   0.2169      0.1163    
  40141.954861111   -43.000000     0.760000   4.00   38  38   1   0.6856      0.1281E-01
  40144.920138889   -57.630000   -26.160000   4.50   23  11   2   0.2169      0.1717E-01
  40187.662500000   -35.660000    -5.550000   4.30   45  32   1   0.6856      0.1263    
  40207.465277778   -44.750000   -21.030000   4.00   36  16   1   0.6856      0.1110    
  40291.964583333   -72.980000    -6.820000   4.90    8  31   2   0.2169      0.5265E-01
  40457.850694444   -49.160000   -13.770000   4.20   31  24   1   0.6856      0.1696E-01
  40508.431250000   -50.400000    -7.470000   4.20   30  30   1   0.6856      0.1429E-01
  40549.492361111   -48.840000   -13.520000   4.10   32  24   1   0.6856      0.1648E-01
  40622.750000000   -38.670000   -12.920000   4.40   42  25   1   0.6856      0.1353E-01
  40933.284722222   -47.040000   -22.170000   5.10   33  15   3   0.6864E-01  0.8344E-01
  40937.210416667   -57.350000   -12.520000   6.20   23  25   5   0.7061E-02  0.2480E-01
  41046.570138889   -43.883000   -16.695000   4.00   37  21   1   0.6856      0.2249E-01
  41236.956250000   -63.020000    -9.460000   4.70   17  28   2   0.2169      0.1062E-01
